% -------------------------------------------------------------------
%  Generated by MATLAB on 12-Sep-2019 22:48:50
%  MATLAB version: 9.6.0.1174912 (R2019a) Update 5
% -------------------------------------------------------------------
                                       

a = 1;

f = 1;

n = 1000;

t = [0 0.001 0.002 0.003 0.004 0.005 0.006 0.007 0.008 0.009 0.01 0.011000000000000001 ...
     0.012 0.013 0.014 0.015 0.016 0.017 0.018 0.019000000000000003 0.02 ...
     0.020999999999999998 0.022000000000000002 0.023 0.024 0.025 0.026 ...
     0.027 0.028 0.029 0.03 0.031 0.032 0.033 0.034 0.035 0.036 0.037 0.038000000000000006 ...
     0.039 0.04 0.041 0.041999999999999996 0.043000000000000003 0.044000000000000004 ...
     0.045 0.046 0.047 0.048 0.049 0.05 0.051 0.052 0.053000000000000005 ...
     0.054 0.055 0.056 0.056999999999999995 0.058 0.059000000000000004 ...
     0.06 0.061 0.062 0.063 0.064 0.065 0.066 0.067 0.068 0.068999999999999992 ...
     0.07 0.071000000000000008 0.072 0.073000000000000009 0.074 0.075 0.076000000000000012 ...
     0.077 0.078 0.079 0.08 0.081 0.082 0.083 0.083999999999999991 0.085 ...
     0.086000000000000007 0.087 0.088000000000000009 0.089 0.09 0.091000000000000011 ...
     0.092 0.093 0.094 0.095 0.096 0.097 0.098 0.098999999999999991 0.1 ...
     0.101 0.102 0.10300000000000001 0.104 0.105 0.10600000000000001 0.107 ...
     0.108 0.109 0.11 0.111 0.112 0.113 0.11399999999999999 0.115 0.116 ...
     0.11699999999999999 0.11800000000000001 0.119 0.12 0.12100000000000001 ...
     0.122 0.123 0.124 0.125 0.126 0.127 0.128 0.129 0.13 0.131 0.132 0.13299999999999998 ...
     0.134 0.135 0.136 0.137 0.13799999999999998 0.13899999999999998 0.14 ...
     0.14100000000000001 0.14200000000000002 0.143 0.144 0.145 0.14600000000000002 ...
     0.14700000000000002 0.148 0.149 0.15 0.151 0.15200000000000002 0.153 ...
     0.154 0.155 0.156 0.157 0.158 0.159 0.16 0.161 0.162 0.16299999999999998 ...
     0.164 0.165 0.166 0.167 0.16799999999999998 0.16899999999999998 0.17 ...
     0.171 0.17200000000000001 0.173 0.174 0.175 0.17600000000000002 0.17700000000000002 ...
     0.178 0.179 0.18 0.181 0.18200000000000002 0.183 0.184 0.185 0.186 ...
     0.187 0.188 0.189 0.19 0.191 0.192 0.19299999999999998 0.194 0.195 ...
     0.196 0.197 0.19799999999999998 0.19899999999999998 0.2 0.201 0.202 ...
     0.20299999999999999 0.204 0.205 0.20600000000000002 0.20700000000000002 ...
     0.208 0.209 0.21 0.211 0.21200000000000002 0.213 0.214 0.215 0.216 ...
     0.217 0.218 0.219 0.22 0.221 0.222 0.22299999999999998 0.224 0.225 ...
     0.226 0.227 0.22799999999999998 0.22899999999999998 0.23 0.231 0.232 ...
     0.23299999999999998 0.23399999999999999 0.235 0.23600000000000002 ...
     0.23700000000000002 0.238 0.239 0.24 0.241 0.24200000000000002 0.243 ...
     0.244 0.245 0.246 0.247 0.248 0.249 0.25 0.251 0.252 0.253 0.254 0.255 ...
     0.256 0.257 0.258 0.259 0.26 0.26099999999999995 0.262 0.263 0.264 ...
     0.265 0.26599999999999996 0.267 0.268 0.269 0.27 0.27099999999999996 ...
     0.272 0.27299999999999996 0.274 0.275 0.27599999999999997 0.277 0.27799999999999997 ...
     0.279 0.28 0.28099999999999997 0.28200000000000003 0.283 0.28400000000000003 ...
     0.285 0.286 0.28700000000000003 0.288 0.28900000000000003 0.29 0.291 ...
     0.29200000000000004 0.293 0.29400000000000004 0.295 0.296 0.297 0.298 ...
     0.29900000000000004 0.3 0.301 0.302 0.303 0.30400000000000005 0.305 ...
     0.306 0.307 0.308 0.309 0.31 0.311 0.312 0.313 0.314 0.315 0.316 0.317 ...
     0.318 0.319 0.32 0.32099999999999995 0.322 0.323 0.324 0.325 0.32599999999999996 ...
     0.327 0.328 0.329 0.33 0.33099999999999996 0.332 0.33299999999999996 ...
     0.334 0.335 0.33599999999999997 0.337 0.33799999999999997 0.339 0.34 ...
     0.34099999999999997 0.342 0.34299999999999997 0.34400000000000003 ...
     0.345 0.346 0.34700000000000003 0.348 0.34900000000000003 0.35 0.351 ...
     0.35200000000000004 0.353 0.35400000000000004 0.355 0.356 0.357 0.358 ...
     0.35900000000000004 0.36 0.361 0.362 0.363 0.36400000000000005 0.365 ...
     0.366 0.367 0.368 0.369 0.37 0.371 0.372 0.373 0.374 0.375 0.376 0.377 ...
     0.378 0.379 0.38 0.38099999999999995 0.382 0.383 0.384 0.385 0.38599999999999995 ...
     0.387 0.388 0.389 0.39 0.39099999999999996 0.392 0.393 0.394 0.395 ...
     0.39599999999999996 0.397 0.39799999999999996 0.399 0.4 0.40099999999999997 ...
     0.402 0.40299999999999997 0.404 0.405 0.40599999999999997 0.40700000000000003 ...
     0.408 0.40900000000000003 0.41 0.411 0.41200000000000003 0.413 0.41400000000000003 ...
     0.415 0.416 0.41700000000000004 0.418 0.41900000000000004 0.42 0.421 ...
     0.422 0.423 0.42400000000000004 0.425 0.426 0.427 0.428 0.42900000000000005 ...
     0.43 0.431 0.432 0.433 0.434 0.435 0.436 0.437 0.438 0.439 0.44 0.441 ...
     0.442 0.443 0.444 0.445 0.44599999999999995 0.447 0.448 0.449 0.45 ...
     0.45099999999999996 0.452 0.453 0.454 0.455 0.45599999999999996 0.457 ...
     0.45799999999999996 0.459 0.46 0.46099999999999997 0.462 0.46299999999999997 ...
     0.464 0.465 0.46599999999999997 0.467 0.46799999999999997 0.46900000000000003 ...
     0.47 0.471 0.47200000000000003 0.473 0.47400000000000003 0.475 0.476 ...
     0.47700000000000004 0.478 0.47900000000000004 0.48 0.481 0.482 0.483 ...
     0.48400000000000004 0.485 0.486 0.487 0.488 0.48900000000000005 0.49 ...
     0.491 0.492 0.493 0.494 0.495 0.496 0.497 0.498 0.499 0.5 0.501 0.502 ...
     0.503 0.504 0.505 0.506 0.507 0.508 0.509 0.51 0.511 0.512 0.513 0.514 ...
     0.515 0.516 0.5169999999999999 0.518 0.519 0.52 0.521 0.52199999999999991 ...
     0.523 0.524 0.525 0.526 0.52699999999999991 0.528 0.529 0.53 0.531 ...
     0.53199999999999992 0.533 0.534 0.535 0.536 0.53699999999999992 0.538 ...
     0.539 0.54 0.54099999999999993 0.54199999999999993 0.543 0.544 0.545 ...
     0.54599999999999993 0.54699999999999993 0.548 0.549 0.55 0.55099999999999993 ...
     0.55199999999999994 0.553 0.554 0.555 0.55599999999999994 0.55699999999999994 ...
     0.558 0.559 0.56 0.56099999999999994 0.56199999999999994 0.56300000000000006 ...
     0.56400000000000006 0.565 0.566 0.567 0.56800000000000006 0.56900000000000006 ...
     0.57 0.571 0.572 0.57300000000000006 0.57400000000000007 0.575 0.576 ...
     0.577 0.57800000000000007 0.57900000000000007 0.58 0.581 0.582 0.58300000000000007 ...
     0.58400000000000007 0.585 0.586 0.587 0.58800000000000008 0.589 0.59 ...
     0.591 0.592 0.59300000000000008 0.594 0.595 0.596 0.597 0.59800000000000009 ...
     0.599 0.6 0.601 0.602 0.60300000000000009 0.604 0.605 0.606 0.607 ...
     0.6080000000000001 0.609 0.61 0.611 0.612 0.613 0.614 0.615 0.616 ...
     0.617 0.618 0.619 0.62 0.621 0.622 0.623 0.624 0.625 0.626 0.627 0.628 ...
     0.629 0.63 0.631 0.632 0.633 0.634 0.635 0.636 0.6369999999999999 ...
     0.638 0.639 0.64 0.641 0.6419999999999999 0.643 0.644 0.645 0.646 ...
     0.64699999999999991 0.648 0.649 0.65 0.651 0.65199999999999991 0.653 ...
     0.654 0.655 0.656 0.65699999999999992 0.658 0.659 0.66 0.661 0.66199999999999992 ...
     0.663 0.664 0.665 0.66599999999999993 0.66699999999999993 0.668 0.669 ...
     0.67 0.67099999999999993 0.67199999999999993 0.673 0.674 0.675 0.67599999999999993 ...
     0.67699999999999994 0.678 0.679 0.68 0.68099999999999994 0.68199999999999994 ...
     0.683 0.684 0.685 0.68599999999999994 0.68699999999999994 0.68800000000000006 ...
     0.68900000000000006 0.69 0.691 0.692 0.69300000000000006 0.69400000000000006 ...
     0.695 0.696 0.697 0.69800000000000006 0.69900000000000007 0.7 0.701 ...
     0.702 0.70300000000000007 0.70400000000000007 0.705 0.706 0.707 0.70800000000000007 ...
     0.70900000000000007 0.71 0.711 0.712 0.71300000000000008 0.714 0.715 ...
     0.716 0.717 0.71800000000000008 0.719 0.72 0.721 0.722 0.72300000000000009 ...
     0.724 0.725 0.726 0.727 0.72800000000000009 0.729 0.73 0.731 0.732 ...
